$GPRMC,150000.00,A,2030.4235,N,10024.1975,W,40.5,301.2,150726,4.6,E,D*1E
$GPGGA,150000.00,2030.4235,N,10024.1975,W,2,10,0.8,1892.0,M,-8.5,M,5.0,0123*75
$GNGNS,150000.00,2030.4235,N,10024.1975,W,DD,10,0.8,1892.0,-8.5,5.0,0123,S*3D
$GNGLL,2030.4235,N,10024.1975,W,150000.00,A,D*68
$GPGBS,150000.00,1.2,1.1,2.8,03,,-2.1,0.7*66
$GPGST,150000.00,1.5,0.018,0.013,42.0,0.011,0.009,0.022*63
$GPZDA,150000.00,15,07,2026,00,00*67
$GNGSA,A,3,01,02,03,04,05,06,07,08,09,10,,,1.2,0.8,0.9,1*33
$GPGSV,3,1,10,01,78,045,48,02,65,120,46,03,55,200,44,04,48,290,43*7C
$GPGSV,3,2,10,05,40,015,42,06,33,135,40,07,25,250,38,08,18,310,36*75
$GPGSV,3,3,10,09,12,070,34,10,08,175,32*79
$GPVTG,301.2,T,296.6,M,40.5,N,75.0,K,D*2E
$GPHDT,301.2,T*35
